0.000000	-0.000870
0.157080	-0.004445
0.314159	-0.002647
0.471239	-0.001348
0.628319	-0.001050
0.785398	-0.014903
0.942478	-0.007642
1.099557	-0.012022
1.256637	-0.004246
1.413717	-0.004337
1.570796	-0.000000
1.727876	0.000112
1.884955	-0.002885
2.042035	-0.003469
2.199115	-0.013509
2.356194	-0.001025
2.513274	0.001325
2.670354	0.009878
2.827433	0.024681
2.984513	0.012500
3.141593	-0.002279
3.298672	-0.034318
3.455752	-0.008504
3.612832	0.009264
3.769912	0.007398
3.926991	0.003436
4.084071	-0.011272
4.241150	-0.001850
4.398230	0.000436
4.555310	0.000390
4.712389	0.000000
4.869469	0.002785
5.026549	-0.000275
5.183629	-0.003078
5.340708	0.002101
5.497788	0.012553
5.654868	-0.010703
5.811947	-0.019478
5.969027	0.032365
6.126107	0.002146
6.283186	-0.023345
6.440266	0.002782
6.597346	0.005402
6.754426	-0.006373
6.911505	0.013412
7.068585	0.000683
7.225665	-0.007947
7.382744	0.005640
7.539824	-0.001835
7.696904	-0.000512
7.853983	-0.000000
8.011063	0.000085
8.168142	-0.001016
8.325222	0.005207
8.482302	0.001086
8.639381	-0.003268
8.796461	0.005583
8.953541	-0.035058
9.110620	0.020537
9.267700	-0.002634
9.424780	0.014009
9.581860	-0.027805
9.738939	0.018951
9.896019	-0.006035
10.053099	0.015682
10.210178	-0.014100
10.367258	0.004298
10.524338	-0.004102
10.681417	0.007643
10.838497	-0.002474
10.995577	-0.000000
11.152657	0.004384
11.309736	-0.007844
11.466816	0.005376
11.623896	0.002757
11.780975	-0.010281
11.938055	0.003331
12.095135	-0.005555
12.252214	0.018265
12.409294	0.000227
12.566374	-0.031181
12.723454	0.037920
12.880533	-0.011713
13.037613	-0.009080
13.194693	0.017282
13.351772	-0.004782
13.508852	-0.005265
13.665932	0.014879
13.823011	-0.004249
13.980091	-0.004036
14.137171	-0.000000
14.294250	-0.000081
14.451330	0.001131
14.608410	-0.001266
14.765490	-0.015334
14.922569	0.005001
15.079649	0.013823
15.236729	-0.006774
15.393808	-0.034224
15.550888	-0.000469
15.707968	0.019153
15.865047	0.000527
16.022127	-0.019504
16.179207	-0.019118
16.336287	0.001016
16.493366	0.004904
16.650446	0.000974
16.807526	-0.002123
16.964605	-0.005222
17.121685	-0.000628
17.278765	0.000000
17.435844	-0.002836
17.592924	-0.005089
17.750004	-0.007522
17.907084	-0.000910
18.064163	0.006683
18.221243	0.015585
18.378323	0.025187
18.535402	0.023303
18.692482	0.022942
18.849562	0.013288
19.006641	0.000705
19.163721	-0.002043
19.320801	-0.000635
19.477880	-0.007558
19.634960	-0.017008
19.792040	-0.016775
19.949120	-0.010767
20.106199	-0.002627
20.263279	-0.003150
20.420359	0.000000
20.577438	0.000022
20.734518	0.001103
20.891598	0.000245
21.048677	-0.000135
21.205757	-0.000823
21.362837	-0.024270
21.519917	-0.026935
21.676996	-0.012726
21.834076	-0.022587
21.991156	-0.003625
22.148235	0.001838
22.305315	0.013349
22.462395	0.007761
22.619474	0.000814
22.776554	-0.000437
22.933634	-0.008182
23.090714	-0.000231
23.247793	0.001917
23.404873	0.002891
23.561953	-0.000000
23.719032	0.001412
23.876112	0.010606
24.033192	0.001020
24.190271	-0.004520
24.347351	-0.020554
24.504431	0.012871
24.661510	0.003096
24.818590	-0.010188
24.975670	-0.030570
25.132750	0.002849
25.289829	0.007062
25.446909	-0.015276
25.603989	-0.005491
25.761068	0.008244
25.918148	0.005212
26.075228	-0.005189
26.232307	0.001518
26.389387	0.005139
26.546467	-0.001630
26.703547	-0.000000
26.860626	-0.004956
27.017706	0.003307
27.174786	-0.002895
27.331865	-0.004883
27.488945	0.003236
27.646025	-0.005157
27.803104	0.002261
27.960184	0.007375
28.117264	-0.023201
28.274343	0.004015
28.431423	-0.008432
28.588503	0.004372
28.745583	-0.002434
28.902662	-0.000988
29.059742	0.006755
29.216822	-0.015749
29.373901	0.001911
29.530981	-0.005619
29.688061	0.002370
29.845140	0.000000
30.002220	-0.003134
30.159300	0.009906
30.316380	-0.004920
30.473459	0.003435
30.630539	-0.004462
30.787619	0.002265
30.944698	-0.010146
31.101778	0.000369
31.258858	0.000217
31.415937	-0.015453
31.573017	0.032796
31.730097	-0.036139
31.887177	0.025358
32.044254	-0.008620
32.201332	-0.002659
32.358410	0.015103
32.515488	-0.017509
32.672565	0.003605
32.829643	0.001777
32.986721	-0.000000
33.143799	-0.004969
33.300877	-0.000428
33.457954	0.010675
33.615032	-0.010094
33.772110	-0.005615
33.929188	0.006194
34.086266	-0.012317
34.243343	-0.023592
34.400421	0.017939
34.557499	0.018867
34.714577	-0.011248
34.871655	-0.009122
35.028732	0.009623
35.185810	0.006302
35.342888	-0.000268
35.499966	-0.003561
35.657043	0.002019
35.814121	0.005654
35.971199	-0.000723
36.128277	-0.000001
36.285355	0.000796
36.442432	-0.007408
36.599510	-0.014350
36.756588	-0.005433
36.913666	0.004204
37.070744	0.009780
37.227821	0.010776
37.384899	-0.008632
37.541977	-0.011160
37.699055	-0.001384
37.856133	-0.004516
38.013210	0.000348
38.170288	0.002547
38.327366	0.004526
38.484444	0.027225
38.641521	0.013173
38.798599	0.003234
38.955677	0.001492
39.112755	-0.000069
39.269833	-0.000000
39.426910	0.000667
39.583988	0.007482
39.741066	0.010959
39.898144	0.010846
40.055222	0.004184
40.212299	0.011986
40.369377	0.022506
40.526455	0.015043
40.683533	0.010178
40.840611	0.003135
40.997688	-0.003312
41.154766	-0.017687
41.311844	-0.022374
41.468922	-0.030525
41.625999	-0.022668
41.783077	-0.008347
41.940155	-0.001332
42.097233	0.004148
42.254311	0.001619
42.411388	0.000002
42.568466	-0.000364
42.725544	0.003307
42.882622	0.012853
43.039700	0.003984
43.196777	0.000664
43.353855	-0.004257
43.510933	-0.002079
43.668011	0.001661
43.825089	0.021870
43.982166	0.023443
44.139244	-0.008357
44.296322	-0.016359
44.453400	0.004540
44.610477	0.030340
44.767555	0.002116
44.924633	-0.015664
45.081711	-0.000704
45.238789	0.011645
45.395866	0.000000
45.552944	-0.000003
45.710022	-0.002012
45.867100	-0.007970
46.024178	0.011181
46.181255	0.006846
46.338333	-0.015748
46.495411	0.012463
46.652489	0.004352
46.809566	-0.025361
46.966644	0.011250
47.123722	0.004304
47.280800	-0.035211
47.437878	0.003783
47.594955	-0.005519
47.752033	-0.003094
47.909111	0.005208
48.066189	-0.010386
48.223267	0.004992
48.380344	-0.000542
48.537422	-0.001205
48.694500	0.000002
48.851578	0.004649
49.008656	-0.004941
49.165733	0.010739
49.322811	-0.004751
49.479889	0.016752
49.636967	-0.009952
49.794044	0.013067
49.951122	-0.022258
50.108200	0.015846
50.265278	-0.023155
50.422356	0.025096
50.579433	-0.031366
50.736511	0.015311
50.893589	-0.010568
51.050667	0.003559
51.207745	-0.015052
51.364822	0.001932
51.521900	-0.000044
51.678978	-0.000847
51.836056	0.000007
51.993134	0.005129
52.150211	-0.005723
52.307289	0.002613
52.464367	0.004522
52.621445	-0.013196
52.778522	0.003909
52.935600	-0.000271
53.092678	-0.012198
53.249756	0.005375
53.406834	-0.000897
53.563911	-0.019086
53.720989	0.009239
53.878067	0.000713
54.035145	-0.020603
54.192223	0.008951
54.349300	0.008112
54.506378	-0.013134
54.663456	-0.005142
54.820534	0.002759
54.977612	0.000001
55.134689	0.001597
55.291767	0.001295
55.448845	-0.005248
55.605923	-0.006568
55.763000	0.005220
55.920078	0.024076
56.077156	0.000222
56.234234	-0.027795
56.391312	-0.011778
56.548389	0.001514
56.705467	0.001173
56.862545	0.015080
57.019623	-0.004797
57.176701	-0.020496
57.333778	-0.014368
57.490856	-0.000791
57.647934	0.000973
57.805012	0.005098
57.962090	0.005687
58.119167	0.000008
58.276245	-0.000365
58.433323	0.000994
58.590401	0.010980
58.747478	0.010662
58.904556	0.012776
59.061634	0.010088
59.218712	0.005129
59.375790	0.010870
59.532867	0.006272
59.689945	0.015694
59.847023	0.013277
60.004101	0.008538
60.161179	0.004548
60.318256	0.008020
60.475334	0.000005
60.632412	0.009021
60.789490	0.005250
60.946568	0.002380
61.103645	0.005156
61.260723	0.000005
61.417801	-0.001274
61.574879	-0.003089
61.731956	0.002209
61.889034	0.004526
62.046112	0.009116
62.203190	0.024179
62.360268	0.003929
62.517345	-0.005835
62.674423	-0.025251
62.831501	-0.033987
