0.000000	0.000000
0.157080	0.000965
0.314159	0.001983
0.471239	0.003431
0.628319	0.003453
0.785398	0.003563
0.942478	0.000948
1.099557	0.004564
1.256637	0.002378
1.413717	0.000581
1.570796	-0.000206
1.727876	-0.005926
1.884955	-0.012831
2.042035	-0.014991
2.199115	-0.015103
2.356194	-0.020232
2.513274	-0.003228
2.670354	-0.012067
2.827433	-0.008450
2.984513	-0.000643
3.141593	0.000000
3.298672	0.005670
3.455752	0.006877
3.612832	0.009679
3.769912	0.012618
3.926991	0.013239
4.084071	0.002065
4.241150	0.004220
4.398230	0.000415
4.555310	0.001495
4.712389	-0.001366
4.869469	-0.000767
5.026549	-0.006077
5.183629	-0.004652
5.340708	-0.001994
5.497788	-0.004283
5.654868	-0.000785
5.811947	-0.000189
5.969027	-0.000114
6.126107	0.000118
6.283186	-0.000000
6.440266	-0.000863
6.597346	-0.000798
6.754426	-0.000269
6.911505	-0.003438
7.068585	-0.001416
7.225665	-0.008262
7.382744	-0.005715
7.539824	-0.000832
7.696904	-0.000346
7.853983	0.002919
8.011063	0.000206
8.168142	0.006877
8.325222	0.016253
8.482302	0.017287
8.639381	0.013348
8.796461	0.010655
8.953541	0.009652
9.110620	0.007871
9.267700	0.001002
9.424780	-0.000000
9.581860	-0.000994
9.738939	-0.006880
9.896019	-0.004363
10.053099	-0.002949
10.210178	-0.003045
10.367258	-0.005558
10.524338	-0.002615
10.681417	-0.001965
10.838497	-0.000952
10.995577	0.000020
11.152657	0.004755
11.309736	0.005303
11.466816	0.003009
11.623896	0.000271
11.780975	0.003029
11.938055	0.003656
12.095135	0.000582
12.252214	0.000375
12.409294	-0.000035
12.566374	0.000000
12.723454	0.000919
12.880533	0.001928
13.037613	0.002022
13.194693	0.002119
13.351772	0.001548
13.508852	0.002296
13.665932	0.006671
13.823011	0.002252
13.980091	0.000468
14.137171	-0.002262
14.294250	-0.001068
14.451330	-0.005466
14.608410	-0.000949
14.765490	-0.018886
14.922569	-0.014365
15.079649	-0.015198
15.236729	-0.008206
15.393808	-0.007840
15.550888	-0.002699
15.707968	0.000000
15.865047	0.001538
16.022127	0.006869
16.179207	0.001617
16.336287	0.005188
16.493366	0.007877
16.650446	0.002285
16.807526	0.006520
16.964605	0.000077
17.121685	0.000838
17.278765	-0.000005
17.435844	-0.005535
17.592924	-0.005891
17.750004	-0.001709
17.907084	-0.002712
18.064163	-0.002298
18.221243	-0.001083
18.378323	-0.000951
18.535402	-0.000505
18.692482	0.000124
18.849562	-0.000000
19.006641	-0.000119
19.163721	-0.000152
19.320801	-0.003391
19.477880	-0.003051
19.634960	-0.000162
19.792040	-0.003829
19.949120	-0.001578
20.106199	-0.002373
20.263279	-0.000994
20.420359	0.000129
20.577438	0.000324
20.734518	0.007891
20.891598	0.002973
21.048677	0.019728
21.205757	0.008093
21.362837	0.010319
21.519917	0.000069
21.676996	0.002903
21.834076	0.003988
21.991156	-0.000000
22.148235	-0.000636
22.305315	-0.007037
22.462395	-0.007514
22.619474	-0.011473
22.776554	-0.013757
22.933634	-0.001463
23.090714	-0.000503
23.247793	-0.002211
23.404873	-0.000052
23.561953	0.000800
23.719032	0.001486
23.876112	0.007069
24.033192	0.003429
24.190271	0.007357
24.347351	0.005241
24.504431	0.003044
24.661510	0.000353
24.818590	0.000169
24.975670	-0.000058
25.132750	0.000000
25.289829	0.000769
25.446909	0.000622
25.603989	0.003105
25.761068	0.006949
25.918148	0.007891
26.075228	0.000616
26.232307	0.001070
26.389387	0.002448
26.546467	0.000232
26.703547	-0.001836
26.860626	-0.001876
27.017706	-0.012008
27.174786	-0.011237
27.331865	-0.001145
27.488945	-0.002343
27.646025	-0.007633
27.803104	-0.013043
27.960184	-0.007122
28.117264	-0.001145
28.274343	0.000000
28.431423	0.005213
28.588503	0.003354
28.745583	0.001459
28.902662	0.008964
29.059742	0.002489
29.216822	0.002960
29.373901	0.004642
29.530981	0.004627
29.688061	0.000431
29.845140	-0.000451
30.002220	-0.003942
30.159300	-0.001661
30.316380	-0.001374
30.473459	-0.006729
30.630539	-0.002405
30.787619	-0.001996
30.944698	-0.000050
31.101778	-0.000185
31.258858	0.000071
31.415937	-0.000000
31.573017	-0.001051
31.730097	-0.000210
31.887177	-0.003554
32.044254	-0.003723
32.201332	-0.005623
32.358410	-0.003278
32.515488	-0.002104
32.672565	-0.004403
32.829643	-0.000640
32.986721	0.002412
33.143799	0.004835
33.300877	0.000392
33.457954	0.000200
33.615032	0.014677
33.772110	0.002593
33.929188	0.004559
34.086266	0.011412
34.243343	0.006395
34.400421	0.000893
34.557499	0.000000
34.714577	-0.004545
34.871655	-0.001740
35.028732	-0.004745
35.185810	-0.007471
35.342888	-0.010354
35.499966	-0.006800
35.657043	-0.005023
35.814121	-0.005131
35.971199	-0.001284
36.128277	0.000104
36.285355	0.003892
36.442432	0.000370
36.599510	0.004808
36.756588	0.005839
36.913666	0.004017
37.070744	0.002260
37.227821	0.001967
37.384899	0.000297
37.541977	-0.000088
37.699055	-0.000000
37.856133	0.000152
38.013210	0.001606
38.170288	0.004683
38.327366	0.000910
38.484444	0.008385
38.641521	0.006174
38.798599	0.003451
38.955677	0.000161
39.112755	0.000532
39.269833	-0.002261
39.426910	-0.007379
39.583988	-0.004773
39.741066	-0.016278
39.898144	-0.018912
40.055222	-0.014438
40.212299	-0.018136
40.369377	-0.004329
40.526455	-0.005545
40.683533	-0.005507
40.840611	-0.000004
40.997688	0.004517
41.154766	0.005921
41.311844	0.005634
41.468922	0.003453
41.625999	0.005493
41.783077	0.009318
41.940155	0.002083
42.097233	0.006017
42.254311	0.001300
42.411388	-0.001864
42.568466	-0.004532
42.725544	-0.002710
42.882622	-0.001044
43.039700	-0.001864
43.196777	-0.002526
43.353855	-0.003787
43.510933	-0.001886
43.668011	-0.000247
43.825089	0.000132
43.982166	0.000000
44.139244	-0.000559
44.296322	-0.001669
44.453400	-0.003270
44.610477	-0.006093
44.767555	-0.004371
44.924633	-0.000031
45.081711	-0.001984
45.238789	-0.001923
45.395866	-0.000271
45.552944	0.001186
45.710022	0.006404
45.867100	0.009571
46.024178	0.011795
46.181255	0.016351
46.338333	0.013761
46.495411	0.000144
46.652489	0.005972
46.809566	0.010851
46.966644	0.001033
47.123722	0.000003
47.280800	-0.002165
47.437878	-0.010818
47.594955	-0.012216
47.752033	-0.015992
47.909111	-0.014854
48.066189	-0.007940
48.223267	-0.006602
48.380344	-0.001924
48.537422	-0.000603
48.694500	0.002499
48.851578	0.005034
49.008656	0.001686
49.165733	0.004905
49.322811	0.001887
49.479889	0.005565
49.636967	0.001865
49.794044	0.000510
49.951122	0.000595
50.108200	-0.000102
50.265278	-0.000000
50.422356	0.000254
50.579433	0.001227
50.736511	0.004845
50.893589	0.001404
51.050667	0.007441
51.207745	0.003446
51.364822	0.001461
51.521900	0.005349
51.678978	0.001188
51.836056	-0.001612
51.993134	-0.007955
52.150211	-0.011257
52.307289	-0.006518
52.464367	-0.005159
52.621445	-0.011966
52.778522	-0.016896
52.935600	-0.000008
53.092678	-0.008273
53.249756	-0.000149
53.406834	-0.000003
53.563911	0.000438
53.720989	0.007224
53.878067	0.004514
54.035145	0.000522
54.192223	0.014015
54.349300	0.008893
54.506378	0.005254
54.663456	0.000246
54.820534	0.000334
54.977612	-0.000072
55.134689	-0.003648
55.291767	-0.004564
55.448845	-0.001326
55.605923	-0.004704
55.763000	-0.001022
55.920078	-0.000365
56.077156	-0.001418
56.234234	-0.000343
56.391312	0.000053
56.548389	0.000001
56.705467	-0.000090
56.862545	-0.000404
57.019623	-0.000601
57.176701	-0.003384
57.333778	-0.004056
57.490856	-0.001030
57.647934	-0.003036
57.805012	-0.004063
57.962090	-0.001612
58.119167	0.002244
58.276245	0.002234
58.433323	0.005058
58.590401	0.009675
58.747478	0.016489
58.904556	0.008530
59.061634	0.004835
59.218712	0.006938
59.375790	0.001014
59.532867	0.003538
59.689945	0.000011
59.847023	-0.000424
60.004101	-0.001757
60.161179	-0.009968
60.318256	-0.000087
60.475334	-0.004275
60.632412	-0.011319
60.789490	-0.005628
60.946568	-0.002610
61.103645	-0.000135
61.260723	0.000153
61.417801	0.000270
61.574879	0.007584
61.731956	0.005766
61.889034	0.007769
62.046112	0.003986
62.203190	0.001287
62.360268	0.001932
62.517345	0.000112
62.674423	-0.000050
62.831501	-0.000000
